0.00 -8.86
1.00 -8.10
2.00 -6.97
3.00 -6.10
4.00 -7.81
5.00 -6.76
6.00 -6.93
7.00 -6.65
8.00 -7.87
9.00 -6.30
10.00 -7.77
11.00 -5.83
12.00 -7.93
13.00 -5.64
14.00 -4.85
15.00 -6.38
16.00 -5.01
17.00 -5.78
18.00 -6.33
19.00 -6.22
20.00 -4.66
21.00 -2.99
22.00 -3.62
23.00 -3.27
24.00 -3.06
25.00 -4.11
26.00 -4.67
27.00 -4.03
28.00 -5.13
29.00 -3.79
30.00 -3.94
31.00 -2.18
32.00 -0.91
33.00 -2.27
34.00 -1.70
35.00 -1.79
36.00 -1.51
37.00 -0.81
38.00 -1.71
39.00 -0.03
40.00 -1.31
41.00 -1.04
42.00 -1.98
43.00 -1.68
44.00 -2.89
45.00 -1.51
46.00 0.43
47.00 -0.76
48.00 -1.12
49.00 -0.79
50.00 -0.35
51.00 -0.36
52.00 -1.21
53.00 -1.28
54.00 0.85
55.00 0.65
56.00 0.81
57.00 1.27
58.00 -0.73
59.00 0.67
60.00 1.41
61.00 1.01
62.00 -0.85
63.00 2.39
64.00 1.87
65.00 -0.86
66.00 1.93
67.00 2.11
68.00 2.12
69.00 2.06
70.00 2.97
71.00 3.28
72.00 3.07
73.00 3.24
74.00 2.72
75.00 3.87
76.00 4.18
77.00 5.64
78.00 3.35
79.00 3.91
80.00 3.34
81.00 3.48
82.00 2.91
83.00 3.02
84.00 4.76
85.00 5.54
86.00 5.21
87.00 5.34
88.00 4.32
89.00 3.77
90.00 5.73
91.00 5.53
92.00 6.09
93.00 6.66
94.00 5.91
95.00 5.73
96.00 7.48
97.00 6.39
98.00 5.22
99.00 7.77
